$ANSIBLE_VAULT;1.2;AES256;redfish
39356465313065366362666264306235393066353138393734323130353463666466353436656231
6564656536663235386234303065343564373434396266630a363838633833353266613933353834
65386664643930353336613734306431313833373831626662306533613032333662313939303038
3132616137306464620a306638333532303839333832633334656431393638373939613664336533
37316134313966363634333838333930383263323866643362336232613237653864393562613430
32623531303965333262333832396632343739646133343830373930653635356337616462353432
37383532396563646162386537633937663134653636633362313438333238306661323235366662
38313031323439636435616663333863396230376165313630616234356662383739323036346130
38363364303339303232663333326461306564643236646339326463616466303231633463306362
35363665646235373833326433326335636562343264363861643636356531313833313964323633
33633262633436326130643234383963393361353630633333373234303634646263373535316436
33626337333437343937343135613231626536653736666139636139633131616463613762643538
39613335366436623237336438303030626236666537353965373431393966313138643839623465
33646539333933623935393764633530353430383230643932303731396536383437663138616134
65653662613765666261326535306134313634313331633661623933353634396563643865633831
31666533326262373264303130633135333938663235343062383361643563656237646464623439
65616235366532666338613637636566613632333335343163323966383138663438373635386135
39306366623561373138303434623732663065386234656232653433346639343834633361353733
66316339643032343932376438383964613738316236666235316266393865396566306635343163
31313663316637666266303238353865313738333537386261663738333935396234383466326133
63353632613662646639343234333163613833646261623830313033623862656237
