$ANSIBLE_VAULT;1.2;AES256;redfish
66623363363832393735626336316636613966653661666135386435393637303863646563306336
6662316264616130623534336166396431653666373137660a616337303666353363613336376366
32313630613963303736316636383363623163636261643435373435393139373939626534313736
6338396330383464660a636230313838323233346336613063376430633137343839356138633931
38616132643433336662646330633665373734313930663461656631663564643039346235663339
31363239616366363965633636333165306631353931396230366563663939633539393439373866
62353730376161643533363738613535373666316230313138353266623035653863313633343733
39386632326633366137643364373263393831323134393935343366613531633962303833353732
34353261386338306232333431663065663930623462643939393430313164636365356538396161
33336465373264326234333534353132393536633234333734366333663439306334386338373937
32383066663432346535653832616134646333323363323663373063383930613161623737313533
61643862313038303532353337313838643462653638323233356139643063383962326362363736
33373365343231393865313935643235336565613333663763333336663566356636643963666534
36643638373436663435383830663836656335346466396631656536613637626665646330633461
34613436326535363466653634626266313139663365343732653139346333383736373262313165
38396532363839643566396337666261373637643963636462323061353033353130356234393438
34313437396564636538656133313533376530366563373231643362303935666135353538306561
36623336663430623064396632316533633566656133346132646234636661346434356534666364
63323732633237313164313462336661393235393663333234613664313139323139613462343930
31396535346661366663633834353033353237363666353765323961323366636536643431343762
66333536396534653032386335323436373933363965353439353163313032653134636337376130
62316639383032636665396132346535363836336463663937336638353631623636663430396339
31616232363136653837343536386162633263393865363537383030663865323334333239346161
62663230326331396337616637313934633262396462376535616564333165633232326563626538
66386536613236303266633366626534373264313834373065333634333533383162
